7735
8815
2204
3428
1709
5819
2200
6842
3378
8958
6994
5045
8170
567
6428
7585
9692
4503
8732
2162
1520
2217
9593
2741
8165
9151
6197
6250
8277
9700
7010
1868
1785
9330
7931
141
3722
3108
6458
7447
2352
5029
8864
2738
1878
6658
9521
7550
3133
8130
8115
2791
6302
5306
2360
2121
8863
4835
2720
4398
7552
8743
8254
1226
6030
1308
1334
2253
8405
1571
9873
246
2593
1745
1304
6045
7734
9528
1403
3038
7372
3029
4897
3220
4513
3978
1555
8075
7134
5462
4957
378
2158
1144
6423
2386
247
1773
3320
9790
9743
4326
4620
1033
464
1310
2668
2341
9450
2611
2241
9112
5481
1745
9232
5259
8950
8941
990
6831
4768
246
839
2856
2175
2358
2230
4462
6509
5308
1277
9869
6109
2566
8973
7594
6016
925
8942
1544
5443
5652
2934
8657
3134
4900
7624
8554
7787
4770
2713
53
292
509
1628
4589
7241
1651
5488
4196
2086
3558
6664
3191
5016
4407
5967
9767
3699
3059
5869
7310
63
6671
3399
1713
9692
4501
1695
3145
8446
3582
7776
5879
2932
6565
7745
4240
6747
370
1582
9608
9427
918
2361
2363
1145
9761
7358
388
3868
1065
9650
9285
9419
8353
3828
9552
2978
5926
1688
6959
3363
5780
2221
6068
4062
9318
7119
6798
2469
1143
596
3783
6824
6047
5545
5397
9378
414
9136
6196
9577
7186
165
7139
8152
4127
7600
2755
4593
5390
7492
4401
8943
7723
1965
3801
8067
5549
9500
5022
5965
4698
5646
6654
1201
6148
633
2898
15
2487
887
870
804
5984
7218
3386
5227
6645
6976
579
9681
5042
1710
3861
2507
2275
5512
4701
6623
8679
1175
6954
894
6540
6030
6365
1166
7386
6851
2761
1337
8609
8632
8703
9520
7408
3661
5511
433
4527
8966
8837
8554
3516
2275
6431
1759
6171
5861
5887
2743
7468
1063
9710
7118
9468
6892
4365
5686
9110
584
8439
6644
9836
6366
9207
9835
3877
2432
3420
4282
916
3116
1044
8978
6959
3007
8016
5286
9427
8694
8771
875
376
479
9593
2189
9757
1441
3981
9543
3342
8408
3983
8358
956
1593
269
5806
9812
6081
5470
2189
3026
4997
3042
2807
4993
652
1838
7102
8996
8934
7094
6821
170
5495
1135
6820
2865
5571
9338
8976
6049
1954
6437
8050
6216
6977
8127
1196
9785
2400
1318
3647
3206
1277
8215
5030
6562
9365
7485
9607
6762
4817
1978
337
1195
3905
8541
4123
2837
5361
7717
5013
6270
1673
8605
8675
6878
9453
3592
6876
2277
5648
9213
409
3370
5820
1166
7633
2395
319
4645
6903
4131
6935
3779
4068
3178
7681
8277
1184
1900
3336
2867
3004
9160
9995
1031
4936
5646
629
6163
4404
3461
8337
2568
3978
7710
4823
5381
1401
7784
8504
8899
5676
9724
3215
7737
5954
7954
8406
2226
7995
3550
3195
1075
6871
6264
1869
1430
5421
609
5953
2201
8063
1519
7754
1222
4805
886
3407
2266
4662
6846
1927
4097
2410
3559
766
9856
5070
3149
1102
8066
2676
7144
2465
2598
9279
4273
9052
9726
5290
6886
8041
9503
8622
8294
2597
2126
6258
6019
5451
8946
9755
4883
6994
8803
3942
547
5420
3589
1151
6754
3060
8054
7953
1282
2199
953
9970
1508
8696
6949
8793
3075
9710
2072
1735
1203
9099
3250
5121
5823
4770
7990
6532
5829
434
8348
1305
4677
2785
7261
3312
6528
1237
3481
280
4217
7802
4325
1341
7438
1241
1782
2453
3180
6010
9416
2876
2500
6748
1104
5882
8600
8575
7485
9233
747
2877
9281
993
2426
6160
4787
6274
4720
5233
3507
4709
4078
5981
3049
2253
9728
6282
3307
922
615
1071
9371
2507
7107
425
4651
5982
8890
1003
9848
1579
8405
8997
3225
7619
9447
9601
6589
4377
4011
3747
8637
8183
6928
4445
5279
4844
3295
1449
2156
3340
6492
5717
5933
545
7364
3463
6319
6330
1519
7406
6710
2134
6319
7197
4333
9876
9128
4415
2965
8837
3471
1020
615
1265
9061
3239
469
7334
3122
4323
1154
7056
8725
4420
3442
9090
7435
492
8678
5983
817
2195
9012
1177
1242
5908
4807
9830
8080
3486
4215
2004
8804
7754
9992
5590
431
4436
2237
8095
6869
5611
1686
7569
2160
55
5936
49
5892
2472
855
6485
1620
1946
4688
4399
8988
5451
250
1959
8469
1512
8629
2114
9465
8790
2905
6622
2663
5201
5118
105
3786
7108
9206
7629
4582
7094
6483
3445
7428
3762
5867
6517
3258
9131
1870
1440
3250
934
5160
4058
9675
8617
3334
6444
5720
7972
3085
7435
3855
9835
5177
6743
873
9940
7089
5233
942
52
3655
4391
7565
7236
7538
9645
634
2155
3894
420
2201
7873
6892
5189
8040
711
2948
9328
4868
6299
7345
3624
8774
859
1198
6256
6054
4467
4964
4544
632
9031
457
8949
1603
6628
2648
4164
8617
3437
778
3618
4322
303
2803
1882
6888
8106
5681
3717
3887
1805
4509
5138
1999
1670
1560
9174
5662
8409
9764
3620
7431
2724
8270
6502
5622
7856
1845
5817
6127
5890
856
6977
6546
1887
2343
9454
3083
8554
4952
9093
1577
3115
1529
6754
3454
797
147
1173
9741
2621
1753
1638
176
2718
7649
9319
3125
7293
8871
9278
9822
7440
6953
6397
1006
1644
9309
9063
3292
3314
5006
5568
2287
3889
3914
1201
7000
8867
9404
3309
1747
3595
2185
2858
6405
4646
4225
3993
4319
6081
6649
446
7323
7864
6053
5419
1933
3083
4460
9914
6517
8228
489
5561
7555
5613
8964
366
3610
8636
8160
9490
5516
9146
8815
7504
8038
1094
5568
2242
6341
5088
3510
1609
1507
694
941
7425
3560
3596
6652
6421
5296
2655
5903
3659
5964
6371
4190
652
1984
7186
929
1813
1803
8874
3846
642
1113
7033
9655
1218
9421
2640
7281
7086
9806
9909
3652
112
6604
7893
9132
5244
12
4375
72
2059
8635
4289
9266
6593
6301
4251
1500
4191
1111
1571
9555
7712
9374
8180
5378
7116
6586
3666
1192
3765
9677
1407
2926
9137
5692
6622
3357
5608
1970
7499
659
6978
3848
7502
5978
3921
4762
9393
8489
3656
2423
5075
1846
1102
7760
5080
5525
1534
2983
9007
8699
7430
1792
9942
5435
170
9065
8206
1924
774
3012
377
7247
6642
6048
1191
7652
7064
3969
9123
7186
9830
8122
2073
3268
5782
3990
3409
1035
5695
4553
2399
4079
1890
1573
954
8023
7089
5506
8103
1533
741
3963
278
5294
178
862
4582
1512
9514
593
4451
1748
1218
2423
6155
2677
4022
8154
6961
8923
9460
2075
988
1093
5580
5164
593
1923
8884
3159
8860
8398
6194
7212
7308
738
6608
9401
3689
9625
5267
9772
5583
9563
8537
1187
1593
5011
9830
7234
7256
3818
8582
2108
6833
7815
1973
1841
1579
813
5300
7621
3375
5983
3602
7705
2506
4762
1604
3823
1143
2685
8276
2682
8941
6150
2228
6407
8456
2940
1923
4368
8709
7535
3622
1801
3339
6260
1845
5096
4706
4493
8095
8625
2335
1044
4440
3735
8697
3536
4204
2641
671
4909
2362
4778
5605
2675
5101
5127
2512
841
7890
6796
714
8487
6183
738
6164
6228
9620
8884
797
3173
3555
6298
6331
5164
8176
2193
641
6271
4383
2364
8029
5086
5073
3353
296
1413
5352
3152
3408
8614
5440
4014
6737
6205
216
5268
8894
8528
9578
2428
16
4611
9526
9756
1998
921
8186
8660
2266
5130
7731
8688
4261
3932
1285
3381
7242
5056
3172
4613
656
293
7767
3102
2327
8666
3250
4004
176
9107
5557
4541
3131
3120
3310
7526
3322
5137
9376
5783
3652
6864
1906
8563
2637
1611
993
521
5182
6639
408
5016
2963
8286
2883
9609
9486
2275
4963
573
1247
7076
3772
7142
2878
9448
9857
3300
5285
4506
2556
1018
5742
2506
6315
8404
1691
1251
9989
1194
5246
9688
7028
7830
5661
289
6171
9055
7782
5645
294
7345
2393
9826
8979
7725
9883
9151
1469
1182
3534
4879
307
5233
3910
105
1382
8436
5517
5730
7689
1080
1746
3359
3101
7515
5525
287
2127
4674
2954
8804
5984
4144
2517
2248
904
695
9001
6043
5862
1594
1487
9923
655
7230
7412
8389
7886
8989
9639
72
8851
2551
6572
5256
8457
3899
4261
8097
6528
597
8881
7481
3766
9905
2209
1546
5923
665
5596
6872
2096
6336
2698
2031
9768
8741
6103
4962
7336
8416
4443
7365
3745
1356
1911
7291
1179
913
5834
9203
3159
7557
6701
6585
768
6768
9501
8931
5872
830
402
2300
7714
2528
6625
5026
5121
2298
7062
1732
5649
8832
5216
6554
4208
3256
63
4608
5192
5937
8543
443
1275
1262
5133
1986
6153
4725
4186
7786
8891
5443
2400
854
7643
3621
5131
3008
8611
5999
6864
2222
6352
471
8668
3544
6491
5998
5932
9662
5874
8070
3268
8558
1502
5919
1944
5719
7866
9808
4252
5495
1785
7867
1529
5292
171
919
4320
9882
8412
8315
7261
6518
802
1753
1751
2143
4049
8025
7091
2571
740
667
8397
7921
7637
9303
5174
7064
1264
349
5717
6283
3616
3915
5913
7659
3121
5176
3209
200
2071
7
4680
9476
5009
9966
2227
1497
7315
6638
4090
5341
2940
2944
4037
8945
1664
4087
7954
8673
357
2150
2056
7749
4244
4162
6001
2328
7982
3888
3787
1913
8929
2875
9243
9788
49
758
237
8025
7256
7590
1066
4102
2718
2945
5286
130
8882
3537
4677
6198
5952
6178
4209
8183
5144
738
6004
5806
5049
6411
9673
5363
8940
9018
1130
3367
4988
2048
4576
6175
1723
7530
7414
2797
9516
5257
6189
3822
6989
8571
6299
8059
7727
1766
3287
7979
2735
7319
6220
5948
2967
9421
9465
2317
7667
2242
2280
6700
9706
3301
1838
8915
5702
6805
6462
5640
519
5525
2458
6340
7796
8052
2023
1023
2524
3235
9887
8644
2748
7558
5333
10
2858
3770
9092
7046
8493
7475
388
6536
6924
9119
6097
5238
8520
4017
2702
6511
5190
2493
6008
831
1583
692
1365
909
9667
4094
6069
120
2779
3746
4027
1738
9862
4925
2258
1457
5603
6483
9981
6916
8185
2417
7041
6589
6449
5817
226
7094
2668
1029
6696
9378
1291
2997
9631
3002
5241
3709
265
2756
822
3107
9440
3877
9460
8143
3758
6134
462
913
7536
5282
8584
703
1783
4381
6182
2796
3979
6515
4448
4003
7936
7571
8470
3382
2614
445
6875
698
9934
1612
807
5285
6545
769
5787
8543
3447
1939
8184
8576
2125
5129
2924
7978
2406
7187
1506
1823
2765
7318
7655
8660
2758
5621
2727
9958
2272
6719
5894
3471
8501
9409
5502
7656
6627
443
7383
6179
9126
8433
343
389
1047
790
8775
7342
8047
6165
1492
5357
5853
6818
8533
1463
7788
5989
671
7135
1658
3323
252
6750
5747
7435
1880
7331
5750
9516
2260
6105
8626
6914
716
2948
7189
5846
8387
1426
5249
229
6677
3613
7571
378
6298
5641
9771
579
2387
7157
5981
9305
8498
2344
6894
3951
4252
3413
7460
6371
4422
1409
3068
4819
537
6
9478
3552
3562
2981
4929
2815
7893
632
8040
5537
8535
5876
1905
4149
1194
149
1883
8349
5449
5085
6787
3354
4047
725
4680
3666
1321
3317
4085
1935
6250
2485
3025
4436
6536
5946
705
3585
8015
2561
7038
177
4225
8200
971
2831
6359
8620
7883
3506
933
5225
6951
7482
5729
3691
3347
1004
8720
6289
5291
6708
1779
8840
9645
4981
1178
5459
8127
8776
5058
5721
7595
6061
3562
5671
5885
471
753
5368
276
348
5873
1703
932
6669
895
9611
2176
2325
3269
7978
5920
7523
9219
1723
6494
7864
1607
8288
9553
9616
8651
2719
943
984
9623
3731
4166
320
8106
1922
1785
3538
1587
9527
2746
1460
8103
6138
7368
8072
1671
7167
5384
2365
9374
1783
552
5437
276
8551
1548
9296
3814
4088
2833
7485
2135
9931
6768
5506
7820
6294
78
6404
3082
5883
404
7824
5701
3845
2316
2544
6526
2820
6186
8684
9538
367
5860
5940
4338
9741
1055
4848
6374
3342
1935
906
2155
9945
5826
4307
9553
8887
9826
7285
3254
5606
7085
7329
2293
2144
3298
7334
1721
7348
8869
1729
5944
6125
1610
444
8998
5357
2986
8386
9670
8015
3384
3154
9760
4610
5263
6174
5122
5508
2126
1357
2222
3365
8308
9207
9035
8535
3501
9275
3816
9377
4542
8161
7229
9208
1875
5511
1559
9513
24
6193
4719
3487
3802
7331
8590
2883
4223
353
8608
8843
5666
9171
221
6917
5680
9092
4232
3555
1106
3675
1620
4169
4226
8641
6863
6907
4913
818
1210
545
5903
7035
1762
4717
204
3993
2611
1100
3963
6231
3816
8784
9198
3811
8129
6082
9084
7632
3058
5638
5720
1141
5254
7832
6656
2991
9779
1862
2447
6182
4781
4502
6334
6183
4024
254
1585
2016
1043
4720
6967
4017
6384
6617
6881
7934
342
4330
7848
4968
3958
9954
4063
5621
5360
3940
9530
5638
5763
3236
9031
6714
4448
1801
3381
7623
2373
3373
1884
1752
4984
8406
8926
4416
8760
6608
7132
3780
9661
7096
2240
5181
5115
654
1192
7095
5925
5525
7406
279
335
7147
5620
7196
8118
1513
2292
8063
5765
3730
6878
7846
3532
306
4569
943
6660
1506
6248
334
5169
3575
3168
4933
3035
1410
3699
2358
9286
9590
9380
9418
713
9917
2122
6223
4051
7233
655
8314
5910
2207
7624
6374
219
8725
3705
1997
6112
8271
6093
3179
301
2420
4237
9662
9935
3439
2014
1079
5552
4088
1170
796
3245
8550
5749
3014
8063
9729
7829
8335
869
7244
786
895
1048
187
6176
8084
2337
9593
1165
2004
6231
2921
9222
8763
1035
7784
6501
53
5974
224
9829
772
5184
9527
6154
691
1860
4389
6921
3441
8136
7279
8024
475
1577
3870
7196
4252
2653
8854
3177
7340
4273
1515
5862
4236
5887
6614
2290
3448
3482
8080
9774
7313
696
3290
1166
8442
5283
3720
6041
8846
2535
8611
3872
4194
510
6081
8938
7306
9915
544
1122
9724
4765
2724
2456
7028
760
9836
3488
9810
190
173
1242
6174
8056
377
955
2499
1602
1644
3355
8699
8240
2769
6833
3832
3486
5884
3864
6730
5149
5508
7466
1867
4353
9961
2719
2332
696
1360
2491
6904
215
635
5127
9211
2295
984
5837
8100
1469
5853
3824
5345
1193
1449
7850
6420
8968
1315
6247
9367
5709
3341
5870
9918
3088
1080
7007
3240
2116
2806
6147
9535
3302
3460
4946
2189
5895
7644
4444
7509
1051
2798
3402
3896
9591
6708
6755
2940
6512
1601
6502
9688
2763
7508
3115
109
1819
6322
9076
4960
2218
5025
9885
8574
2222
7342
2423
2436
3533
9888
8443
3110
2469
6532
5256
3209
2254
5451
9672
7870
3032
5528
7596
6162
4888
7813
7359
3053
2195
6278
6184
2692
9219
502
978
2052
6968
5351
8942
3934
5405
3730
4285
5895
6705
2585
4914
8407
1655
2316
1355
6099
8905
9866
6830
533
6042
9594
7728
2921
1506
6891
6266
4940
5249
9976
7471
1780
5739
6602
4477
5551
945
4603
2017
6571
707
571
4443
3043
3412
3849
2860
1600
2048
7189
8052
273
2300
9527
9544
3297
4056
5723
6339
9492
1946
9561
8986
5385
4507
1705
1556
84
8827
1144
3487
3752
5903
5293
7542
3324
2614
8848
8908
4814
6744
5142
6106
3049
6035
9274
5503
5390
4516
8770
6821
7625
1213
337
8902
5750
3872
649
8439
6800
5704
1632
353
3822
2625
5784
9200
9819
8822
5948
4181
5263
6262
9868
5665
8774
2762
8603
4989
5746
7705
9534
624
766
7143
1313
7971
9654
902
8848
2109
2965
500
2957
6126
3421
4605
3540
724
6065
3381
4978
4132
623
2742
2864
1468
7290
4067
6193
77
2316
4869
5163
6037
9910
5392
2772
8450
9406
689
4995
7747
4765
5126
3155
8686
5683
8935
5059
7530
9022
7339
3537
6345
4152
6022
5145
2568
7843
3948
2947
9941
4799
9777
9125
6183
3914
6992
9269
7372
3935
235
5798
4569
8088
2050
3824
2250
6841
6404
2829
6471
7923
3862
763
4181
8397
3449
8229
4088
2747
7652
8129
5910
8821
7912
4717
7288
5025
3323
1468
2913
1500
7768
3694
1577
4153
4317
4398
4443
2968
5414
4777
2548
173
1795
7350
8104
5824
7843
8181
5382
3273
2141
2884
5236
7672
8186
9571
8224
952
7071
2915
8457
6685
7583
121
3645
8810
8495
2288
2453
708
1356
415
3157
87
7817
5698
1336
4970
4937
9761
8912
9502
2287
9462
8356
1389
8151
7954
6167
6637
2559
6837
3983
7622
7192
4102
2656
7236
693
4732
2953
8877
8062
7067
6535
1415
5732
5798
1064
1439
5185
5162
7568
2998
9621
9170
4134
3178
4719
4583
712
8083
4176
169
640
1757
1417
323
828
5962
1705
2803
5611
2401
362
4368
6846
1777
4899
8030
8971
9550
9407
308
6303
9443
2923
6958
9171
6808
745
3341
9089
4084
7137
2445
9937
3663
1747
4743
9533
449
9052
784
5562
4464
731
2687
8880
929
8018
3007
5715
775
6999
531
5199
2900
1894
1264
6571
6527
2405
885
2536
1757
2612
4970
6749
8752
7281
1889
3550
7974
6840
3990
1267
4991
9094
125
553
3267
1961
7355
5446
2182
212
4901
5535
3416
3302
2199
8353
7730
3901
7633
8502
8653
2072
6241
5771
9223
9702
1431
6941
7028
1972
2047
7050
8810
6840
960
3116
7448
3783
2545
410
6159
7991
3446
2279
4672
8549
2220
8338
7152
9392
5408
1671
4156
5093
2
6898
4832
2517
7622
3323
2678
54
8602
7744
1659
2220
9268
6488
3881
4545
9365
8711
5913
3140
1615
1536
8445
5477
4351
6925
744
6069
6311
9445
8550
9518
1952
427
1163
6749
531
7451
5280
2075
7521
1404
3514
4475
1653
8288
8665
7473
1700
6449
7210
2818
5291
3029
1799
7893
8728
5711
2093
3752
7868
7137
2728
210
5510
8996
9524
9646
3600
5469
1310
6918
9789
3769
5413
6504
9920
3970
4576
9694
3487
1313
4702
9573
7396
2869
5924
538
5087
938
6266
3226
8692
9041
6042
8448
1468
9708
5198
8273
4802
2636
2130
3518
619
1547
2076
5230
2565
3032
8441
2719
1463
9083
2097
3067
8481
6998
3135
2277
2289
9876
2437
5768
9269
4881
8467
8906
8046
2836
3523
5374
594
8496
4693
3955
4528
6027
8097
3567
1352
1893
7744
5354
5638
7176
142
7342
913
2647
2330
5034
3439
1360
6634
5512
6267
361
7291
5180
8379
4356
8314
803
2879
3226
7587
3373
2160
516
8350
8173
2693
5668
7055
4461
2915
8619
7316
7943
9249
8261
7612
750
7154
7675
7944
8869
7131
9110
4976
258
9532
9989
7855
2684
8314
4615
6718
8343
7896
6136
2703
9142
9648
3922
7404
8278
3949
7448
845
8012
3357
6271
7044
7462
6138
7518
6488
1764
8874
1682
2711
2082
2549
5056
983
7013
8607
3787
6650
2406
3732
2227
8775
8502
5916
2708
8569
2498
791
2799
5959
9537
671
2684
9130
9065
9094
7816
9960
637
4515
7581
6240
4364
4165
3303
9640
2729
7881
6027
5938
5544
8473
3562
6194
7576
8370
3241
2234
1767
403
475
9223
9083
9336
7047
8424
386
3200
9931
3131
5914
4328
5450
1796
9289
1909
844
8332
1423
6920
3950
7637
7266
2725
8824
5637
3569
9392
9646
3805
2261
4460
7297
6643
9462
6423
7034
2347
297
6354
2047
9048
2702
4501
7781
6868
6559
3985
1717
3968
4593
5712
7509
6249
5510
7748
1383
3870
4971
1272
1197
1115
7236
6417
177
1271
5881
492
7317
4529
404
3345
2144
9793
1791
6409
8579
6395
6129
9630
2075
5281
9980
5125
7468
9765
3457
3021
8716
5808
8509
9579
9919
5350
6403
1021
4057
2135
7485
4021
9427
3967
9291
1538
955
665
8671
5182
7680
5529
4040
561
8502
538
9118
2303
7221
7088
2960
3622
279
1220
1085
5936
5008
7855
405
1555
4755
5273
3577
5548
7660
9053
2619
3769
3944
7881
1732
2130
3347
3568
1978
1547
5536
3618
807
6726
7315
4493
6312
3928
814
6059
9454
3098
6113
7047
2344
9929
5979
1646
5978
8217
7813
5459
8568
5858
8389
3969
6221
1514
4149
3967
6751
4776
9020
7206
6806
4273
2589
6221
1432
3611
892
8269
7899
7178
399
9874
2697
8806
4838
2277
4212
2770
9458
68
6322
8816
1515
1629
4339
420
7365
6558
589
1899
1097
2256
8476
6854
9473
8157
7307
1110
3035
1925
5136
8623
138
5143
4000
7277
6346
4314
4513
7485
7170
2775
7657
7448
9245
350
5076
1366
1864
5937
1164
95
7603
7775
2618
2893
8004
4535
5559
249
4465
7473
6121
3512
8901
2983
5042
7590
3490
6378
4763
3556
9307
1894
1235
614
2116
6408
4765
3844
8960
2655
4608
1392
2481
5616
3060
9181
2381
357
7478
3594
2137
6115
1148
3941
1274
6699
8056
3404
2555
7003
6950
8782
5697
6503
7139
4270
103
5925
2924
2551
8056
1931
8699
1926
8290
4302
8347
973
9314
8522
8074
1328
9563
2386
8223
630
1294
1059
4860
7654
3530
3967
1360
8554
7827
8866
4399
990
1988
4370
7513
5743
2621
7926
7628
3305
9077
9579
2103
2682
8809
8634
2866
5741
5965
4300
39
2464
9652
4299
3224
3596
7752
4178
5208
9574
7365
9637
1094
6073
2040
3867
7558
2033
4028
5102
3219
4273
9958
3764
8884
8002
559
7956
17
8422
1873
7697
688
6645
9084
8580
5247
8807
6628
6315
444
4521
9667
5171
8955
8820
1696
7179
2401
6303
9300
5426
4428
8361
5413
7560
2774
3192
5847
6280
3077
5578
559
7858
9536
3446
7052
7319
5114
3001
3326
5221
2370
2232
4382
2102
3157
8595
8260
4491
7198
249
555
8732
4131
2176
7426
9522
9687
8084
1739
2230
2408
3408
9433
6957
3714
7046
9409
9427
169
6192
3967
9611
8182
3377
7729
3357
659
8821
127
8927
6506
1481
8989
5784
2624
5406
2639
8922
912
8492
9126
4117
1445
8846
4786
9415
6128
2849
7540
9621
4447
5491
4642
2352
9631
5836
1855
4687
4458
8273
9224
8058
5636
4193
9423
2830
4497
6236
7042
9191
5099
7778
2888
5736
3660
3845
8015
8076
928
9274
2178
8062
6082
9994
2553
1744
3036
2195
122
2740
9258
697
5079
1183
9793
5469
7406
3327
6279
1742
2306
4674
8734
7236
5312
1273
1575
7462
5886
2691
8078
2684
3071
6529
7030
8068
9422
8275
2259
558
2809
6578
5811
1683
5965
7432
7725
2819
7471
696
9
1477
9325
654
2626
1225
186
4125
4440
9420
9960
6169
7708
6841
6756
3980
6210
819
8788
1373
461
8293
2418
3175
7401
4216
6223
3150
5007
2428
1014
3823
338
9435
5739
8954
1652
5726
7062
7897
6173
1676
7964
5374
6569
9909
6560
1942
1491
933
6964
5076
4122
1013
3297
354
7469
931
4826
9840
601
7079
496
2846
7460
8626
9033
4575
6120
7159
7613
1447
450
7252
7161
312
2908
9365
5904
9676
5243
8730
4900
5723
8172
9949
6357
7262
453
9625
8585
9230
8529
9116
1076
2645
713
6748
8874
2005
5128
4440
7462
2110
2232
4044
6473
2903
9407
2853
9095
9907
1184
8083
311
8289
1508
7784
7707
4233
8486
8728
2645
9575
4125
2622
8873
8661
9551
5566
3049
9883
4380
5940
9323
6944
9573
2146
5346
5718
9603
6617
7224
1288
3632
767
956
7336
1633
1237
6574
3821
6809
8750
4780
1615
6570
6719
8660
9933
7147
6374
9094
8697
6577
2335
5292
5640
1692
4997
1090
3925
153
4567
7099
2045
5502
5538
7781
3128
6704
3179
9884
8414
2512
6714
5035
4426
4548
1134
6228
4673
692
489
6651
4150
9649
5942
2543
5410
7391
2168
8154
8907
5950
7375
7819
7319
3879
3331
487
1617
575
8864
6608
9998
1157
6520
450
5803
4082
7757
4635
2375
3508
7874
8616
9105
373
9062
1745
7136
3429
5985
3014
1439
9573
2859
329
5638
1820
4886
9057
8517
6926
2234
7809
3185
1666
4470
8870
9679
9272
8502
496
7672
7963
8511
4996
637
8691
2087
9881
9962
6442
5681
90
1395
2142
8021
8987
4658
4715
515
7987
4636
5797
7912
5810
2162
3943
6866
6716
4020
9779
456
5931
5446
6312
9334
871
139
1333
4814
8228
3202
5169
6109
9100
5534
7703
6737
9241
8653
5215
2632
2566
2598
8825
3380
8400
5551
4495
2149
9183
4550
4943
5032
4197
3550
1441
6528
3698
5529
3064
7447
4086
7819
6386
8570
9453
582
3228
7482
9635
5470
2720
8337
632
6227
2807
2788
6055
1358
8519
43
8978
5186
2208
3466
4545
3876
3931
5780
7355
2821
9906
3871
3204
6829
5671
3177
1302
7142
5714
6200
892
2328
9854
9784
9157
4958
303
8006
3576
8051
3375
5831
5333
5381
8444
7628
4832
491
3781
6151
2281
5778
9060
3639
7113
6219
5569
4906
6949
5452
1384
5042
3219
9451
6039
9118
8230
2796
7453
791
1141
5268
9865
3473
2473
214
3989
5393
4798
2726
4195
9362
4120
6527
6955
9109
5384
9215
6309
2512
1165
910
2691
9903
5825
2180
5267
4709
9706
6590
3909
285
4555
5069
1291
9747
5304
6953
4057
8761
5255
2250
367
7929
1613
9464
8237
492
1238
958
8677
6616
7269
7077
7007
9966
443
5804
6060
2676
9528
2156
386
2175
6617
7647
5842
2098
1970
1890
2905
2316
1554
5863
9854
281
4121
1393
6091
8574
6445
9256
1852
1826
2687
9219
6025
1462
8044
9734
2419
6035
7444
2933
311
5436
1449
1782
5158
2999
6107
2132
9065
7836
2447
4215
5665
1905
229
3117
5808
9404
3836
9162
115
7116
6635
6098
9080
5176
9979
9370
5724
2083
3075
5378
7751
6232
2523
9544
2194
1874
9083
1645
9989
4907
8168
6519
3949
6868
5454
8329
680
478
170
213
9964
928
1079
1048
9042
7130
1193
953
844
6480
9566
5823
3547
9545
2221
1596
8502
584
5204
4541
7014
4364
1239
6749
5024
4227
6497
1435
9733
542
595
8606
9094
7990
3952
305
3976
7933
1303
481
7283
1629
1910
8661
419
1689
6119
7029
3958
5223
6790
7933
2316
4298
4322
9227
7940
5838
8484
192
5919
9587
5213
1345
8440
3191
8680
9986
1940
9432
4082
2016
9103
8681
5424
2709
9037
7188
5970
8649
132
8622
1508
656
3753
7279
2624
3869
153
8163
5274
6068
3546
163
6624
6641
6922
7733
407
7974
6082
3820
5823
855
936
975
1167
7285
6418
6865
792
2165
2955
827
7893
5849
2204
3005
6201
6623
3856
3144
8433
6800
7326
8623
9993
5836
9497
8944
8259
1700
4732
5499
7535
6886
3635
2499
3784
3345
3608
3550
3621
7809
1295
2520
5911
9599
4426
9170
2700
3127
4665
2773
3190
1414
592
8730
1068
3373
5949
3604
2317
4518
7822
2872
7508
666
2834
6055
1252
851
7898
8560
6453
3923
6046
1447
6181
2438
2744
4494
9364
9355
8037
9011
5997
3985
6615
8630
6650
5548
6182
9069
1773
1132
3899
9503
4467
9473
4125
2756
1374
9666
6477
5215
5750
4102
7580
6219
5683
526
9259
2785
5443
4090
1075
3850
1404
5019
8488
9076
9326
4269
4868
905
5275
6535
4635
9531
2470
7261
2075
4356
6641
1104
4393
4377
7660
4741
577
367
1430
6570
8084
526
8610
6392
8814
8419
9674
2466
4921
2851
7511
1093
8420
3878
6086
298
9619
6752
9513
3106
374
7070
3089
2028
7219
1425
9352
4132
4417
5933
6880
3507
7953
5698
6188
7246
7992
9161
2614
5201
655
630
641
2029
4719
1242
8137
810
5771
1410
5080
9967
9738
1110
1130
8287
1862
242
3436
5084
8420
1421
7298
1514
1095
8597
8023
1810
7992
7875
1777
6048
4598
27
7950
113
8946
8036
2798
7243
3713
2459
2780
447
7390
5197
7655
2590
9463
206
6487
5692
548
5118
5315
4626
5465
9032
5118
8949
2573
8046
3497
7230
9208
4682
9855
900
7265
8512
1541
5687
9870
7489
1829
6767
7174
6728
9240
7097
8808
4455
760
5752
8340
9535
9083
3264
9922
1383
7970
26
7282
8851
8568
6595
6838
201
2921
7361
4381
586
1047
2870
9712
7433
988
8587
9216
9381
9070
6088
4946
6143
86
85
3244
4272
1994
2488
4857
5038
7267
7657
8441
7934
3191
2138
5908
4222
5157
2774
8918
5340
4288
9658
9939
8029
7049
3956
4301
8727
8821
7345
790
759
384
5447
7048
4643
8272
8006
1192
7818
1274
2117
6723
8571
9837
5861
6560
4251
4858
3759
264
7350
7750
2019
8321
719
8466
3214
1695
3900
3214
1337
8276
8814
7073
9525
2428
1864
217
1261
9751
4913
2523
7070
9044
9080
9649
348
9403
9749
238
7369
92
3885
7738
9364
2569
1116
4240
4132
2467
3344
7261
6906
4093
8344
6275
8743
5608
2251
1187
5935
3782
4290
5792
1618
6369
6175
1738
8626
2610
4691
4721
4864
9484
970
5464
7651
4994
5920
700
3198
7576
4372
223
5343
667
3335
6542
4937
782
6740
4338
7941
6279
1053
677
3276
6931
995
8735
5441
876
2511
4743
1216
5838
7604
3939
8627
9148
3320
1208
3316
3415
3925
7003
5385
4726
2256
6959
9373
1856
5349
8573
8530
6414
1253
4787
423
4929
2898
9935
468
1748
4809
5211
6100
1524
3720
4940
5085
1350
4927
4779
858
604
6052
5990
5642
6386
425
4205
8130
4352
808
9434
3763
2772
5373
4935
753
9512
5078
9328
9368
842
7652
4049
3263
4501
1218
1783
3606
8416
9671
9248
1322
9282
660
3046
6271
9349
4676
7928
7618
598
3672
1373
1968
5003
9936
8407
9478
4867
1682
8232
553
312
8995
7084
467
3938
5630
7213
957
1720
4635
7705
8992
3195
4987
1554
7050
4197
5067
7205
9348
2774
3206
6325
2706
4662
5780
905
6884
2580
3945
3004
7559
1743
4078
9228
4289
8012
6664
9171
8455
4671
3139
4853
3066
9917
1096
6691
5302
6519
2471
9096
5469
2359
199
959
2821
5987
806
4138
8928
8650
8097
2349
4882
70
2186
1737
619
2270
2434
7122
1891
1315
5372
349
166
3219
6424
4862
9029
599
8409
2552
9908
7541
2238
6250
7777
5618
8770
7668
9949
2738
3940
4212
5614
5524
598
8251
486
7456
2915
2745
659
4258
829
9679
872
6038
7503
7813
2045
3833
5165
9479
7726
7240
1061
6242
8096
2908
5081
4016
7028
9406
144
8345
1313
743
2730
1332
2824
4449
2944
3454
2513
3082
6860
7305
2610
5610
674
3239
9802
3438
7064
9199
2914
3287
4534
9027
9361
5763
7786
3406
7016
5178
9220
3106
4654
3650
7630
6464
1950
1259
7377
595
9686
6889
2791
5209
3947
5528
1661
2311
3615
7565
3006
8986
9313
3566
7729
8518
9783
6337
3719
895
369
6594
6205
8945
7038
3271
7296
8880
5458
3089
1950
6689
6455
7648
938
8046
2744
4881
2668
9573
2408
5596
9691
2127
5895
4171
203
2063
9486
5874
5927
4612
1668
4526
1141
4564
178
5396
3904
9320
3408
4742
2897
3529
3028
959
5001
3523
1506
7559
313
2083
4298
1002
6820
6000
9726
790
3755
6497
2894
2598
7875
6561
5803
4391
255
6313
3897
7192
5953
9927
7920
5458
3245
5282
880
7359
4451
7927
3938
4957
7457
1410
4005
3297
5332
7132
9726
7209
9838
6590
9952
4566
8545
4460
6837
3811
2544
6411
9829
6453
3196
869
8405
1476
4170
5383
9906
7817
7585
4672
9751
79
1527
5631
4559
9613
6864
5304
4500
7540
8888
6842
9344
643
3390
6230
1710
8645
199
575
6601
7447
1280
7357
3488
4433
6614
472
1326
1946
4985
9417
2557
9323
3332
3102
7456
3373
930
7339
1646
8688
6390
8501
5636
3128
781
2179
993
9917
7745
3423
2542
5082
4671
4359
9962
9359
6302
3585
8432
5991
8693
8646
2996
8611
4354
1686
5462
4718
5876
3216
5843
7551
2492
9028
7980
3994
2686
7382
6668
9134
583
8648
8191
1982
6192
7983
5701
2436
6656
973
3026
3759
1503
6462
5503
6705
6487
5154
9521
432
608
6931
9096
1592
2194
4161
9937
2379
2511
1618
3597
6917
7317
1902
2580
681
2865
4035
1827
5564
490
4627
9648
2057
9918
6342
6933
5935
1353
8369
8724
2619
8427
8345
1792
3062
5179
4237
3434
1876
1086
8395
1756
2513
3259
5565
7417
1185
9293
1658
5929
7560
7561
5515
4243
4109
4177
9851
1425
3901
1937
8014
7785
9128
1132
5745
9451
3851
5615
1564
5992
8722
7923
5344
5602
5704
9114
8708
2951
8102
8346
5514
570
1196
1116
6417
5355
6027
7891
508
652
633
8406
7200
8879
2986
505
5059
3210
8347
7257
2352
2810
2519
9589
4709
7681
8772
1954
9496
2472
4058
8779
4428
8579
2453
756
2073
998
1914
8076
7233
3599
2777
9359
4316
5001
8144
7374
1894
6800
2855
4712
2171
2822
222
6445
7588
893
580
2165
7237
3441
3016
8953
8551
2294
2336
8814
7395
670
5920
37
6890
5555
4980
6557
9181
9103
3031
9171
5903
5122
4904
7832
6268
9641
5157
6567
5446
1230
9124
8540
7663
8907
7486
5385
343
2307
7996
9672
2839
7223
4753
9016
2788
1609
4229
7800
4606
4536
1271
8008
7759
5204
6617
878
5873
7108
8605
7379
7478
1201
9204
3730
4444
932
9613
2717
6217
9393
8467
6250
6863
6762
9572
3180
9186
8966
9310
2991
3437
5851
2894
136
8818
4975
8627
5426
5410
9136
8929
4059
9075
5761
4321
6322
8905
700
2885
4790
9375
6735
4018
9266
7950
3519
1261
5928
2382
5625
5417
4325
6668
6193
8227
4461
3228
6826
6363
1776
1210
7645
4067
1885
2846
9829
7366
9702
3999
9109
7444
679
126
127
8234
6425
7118
8862
3327
5024
8439
8294
3505
2363
1355
3203
6606
7818
5737
3276
9501
6201
5982
5300
6098
9727
7712
9440
5633
8370
3853
7369
8816
2987
128
9864
2399
1680
2933
3502
986
2348
5925
4409
4050
4206
8506
1410
6571
6546
1375
4205
7705
2139
8371
5886
6534
9194
5363
8585
3294
2402
9161
2411
1320
1948
565
4564
2668
8629
8259
4605
4987
8620
344
5157
6340
7123
5075
1479
1240
235
8878
7444
2603
4857
4896
1614
7412
9061
2017
3087
6874
8692
2363
3395
8113
9640
5407
14
8964
3925
6721
5716
1005
2386
4439
7910
6740
1122
330
8882
8616
6232
4900
4689
5800
5638
5389
7667
8293
3360
2449
5960
7608
1693
9251
864
4067
2598
9788
5411
5968
3406
2116
6226
623
409
5400
3070
7021
30
2144
9412
2331
2793
5415
5329
8188
8439
7451
7887
7759
6200
6302
9300
7756
9583
8284
6876
7837
8618
40
9750
3633
9662
4189
9118
7204
1304
2736
2284
2517
4948
1506
5149
8755
9986
3645
6022
8008
899
5692
1671
1948
2078
1794
1337
4102
7816
1533
8981
1507
363
393
2545
4913
3009
6988
9029
6006
8016
6806
2602
9723
5286
6988
6609
9255
6270
7504
8008
9715
3431
956
680
2368
2999
2283
6465
5789
5619
2406
9770
803
8389
4825
6379
7479
1149
7249
4299
2918
3470
3400
5075
2805
9421
5391
8097
427
5566
8671
2531
5593
5797
980
2682
3623
6229
1560
5021
3727
6510
8559
4622
9607
3253
1076
4792
4334
8360
6536
4539
3258
166
8332
1177
3706
7427
3267
8128
7288
6822
6885
6858
878
656
8463
801
377
2493
2047
3437
6479
3768
3139
5217
1140
4006
5783
3584
1627
8939
3041
8562
9579
668
7267
5228
2217
9376
6634
3508
8223
7570
2074
6231
1667
293
3146
9420
1377
3562
6304
1851
3763
1973
5999
2399
5293
8415
9020
3085
7843
9808
8450
3854
5825
3432
1520
7782
4814
9000
2422
1397
9511
7197
7132
7910
9477
9428
43
9514
9932
5038
8378
5559
7864
2281
4152
5040
3366
3423
2769
1850
7833
6180
7917
2254
4707
3102
3252
1773
6267
5643
2963
5884
5728
9354
5094
2115
9793
5540
5487
8140
4538
9956
4248
1912
9125
2239
3931
4260
8091
3700
8605
9942
602
8140
5524
8239
6044
6134
6236
1913
1090
9988
5907
4292
2895
5126
8452
4442
7683
3492
5028
1165
8316
1715
4762
2510
7213
1831
8086
1649
7086
9614
2744
7728
5769
7943
7834
5257
7448
111
2571
1225
4337
7279
229
529
5395
584
6505
786
6262
2785
2819
1878
4411
8562
5415
5777
6255
5968
4632
1676
9487
3501
4730
3241
4719
1618
7114
2214
7895
2011
6106
1494
1511
6871
8175
7608
5078
3317
2319
9924
2135
5220
9808
3913
4716
3289
1375
6760
961
3178
517
5135
314
9094
6679
2630
661
8098
7977
4745
9952
640
2510
5673
4741
4571
5080
2543
7547
8765
8003
2381
7336
6081
4297
7952
4130
3610
1626
2626
5987
3920
5515
1850
5409
1866
613
9788
3619
5522
3481
343
9668
501
7054
5181
9532
4919
3242
3430
6559
4750
1413
535
1516
992
4836
521
3220
2484
8625
370
1558
968
2948
7921
4062
3160
2295
7165
9647
8854
3851
9855
5850
3079
7725
3494
1809
1159
3845
8800
7091
8077
342
1884
771
6288
2889
416
506
3461
7390
9373
7118
6118
95
103
3444
9939
106
8805
1212
486
2206
1048
6948
5397
5127
1147
2616
2850
7344
7047
1473
3630
8042
3573
5521
31
2806
178
1954
8203
8179
5935
2961
8733
6941
1576
433
6356
255
911
7846
7987
1376
8486
8227
1235
188
1867
7985
4090
174
3310
5650
9955
8684
7325
4963
3322
4761
2954
2892
8702
4345
8642
3321
2405
2475
3881
2206
1662
7097
6669
4248
7481
6148
9642
2174
4238
3082
82
4509
433
4899
947
6697
8251
2240
3603
6518
6186
6358
9344
7918
6052
762
7933
5264
9341
5326
6972
438
1288
9605
8746
6463
6017
7573
7079
7462
2183
792
3008
9692
3628
1134
3310
991
6814
4015
2699
1211
2781
5032
3002
9129
2482
5250
8044
89
5060
1988
1634
4422
7917
7061
8839
1345
9701
1325
6763
2485
9317
8606
708
8532
2378
82
3941
7544
5375
2062
9440
4391
436
4844
865
9935
6638
7823
3370
9954
8293
9555
5566
1208
6278
2332
7402
2917
4244
8288
6263
3762
5894
8341
5403
6333
6174
8325
8427
9038
2075
3037
8668
5053
4791
7305
522
3684
7113
7345
7915
5370
3381
6389
6434
2733
2585
9424
5228
7370
1076
5565
9673
4304
2705
88
8025
3747
6369
5723
6126
7120
2477
2880
6994
4420
6681
5951
7594
125
3555
9147
8946
7279
8761
2797
1803
3697
8797
5844
7583
7793
6287
163
9898
2154
4580
1522
673
78
5885
7839
2865
2949
4375
6170
1683
746
475
5310
8185
4623
285
2916
5096
7531
3411
6359
7373
6643
9394
9293
4439
6714
891
4513
318
2561
3141
6532
5461
8155
1705
8236
3302
4432
2810
665
6008
1733
2017
8229
3987
2362
2494
5558
5395
6864
8093
6479
3304
5157
8652
2909
5045
3756
9116
4525
2406
6727
7537
7090
4128
1839
4143
3185
9643
9187
9153
1126
9024
9498
6479
612
8951
3391
3441
1245
7760
572
2411
7755
6473
3166
4554
73
4673
895
3975
2019
3417
7829
6723
3152
5469
9965
3243
9419
214
2180
7757
455
8944
2841
9936
6772
1457
5938
5050
3264
1767
4006
3577
7596
7364
8293
7257
6097
7270
6827
4257
1461
9786
3527
8328
5420
462
5040
8699
9536
7600
4752
6486
6474
7664
9447
9524
4328
1102
8838
4926
3703
9616
8777
2123
3746
917
88
5505
5351
2789
377
4368
1120
5530
983
2801
4419
5277
9003
6323
8745
5101
2578
6741
8649
90
2993
5075
4339
8686
7313
6176
9963
7225
4528
716
4588
8098
7894
7181
7774
7831
4975
2569
3259
5530
5791
7709
7871
8640
3556
9754
2340
2569
9233
7637
6322
6958
2030
3183
5468
6926
4148
7647
6710
5467
6460
906
4050
6356
8423
1145
6902
3910
998
8414
3137
8658
7791
8505
2551
3331
5251
4729
2730
7173
7265
9243
6362
7249
205
804
9293
6753
8739
1032
3176
8797
8686
2983
3847
2728
402
6735
6395
5944
8433
7966
3956
3988
3668
3302
5291
4656
8889
3165
5478
3120
280
4579
201
1254
3031
8070
3366
5231
8572
9824
8128
5461
3212
4353
9400
7594
3964
8051
7401
8596
8369
2939
5393
9602
3929
6905
4008
3027
5258
8844
5230
4404
8491
2821
2851
2153
920
3945
4157
60
892
3232
9291
7294
9890
1293
7487
9795
5548
3337
334
5651
7398
626
1943
4396
2090
3119
6765
9002
9670
9772
4293
2310
1762
7339
9200
6328
2178
300
3752
2030
3646
2702
1303
5546
2214
8310
5707
1362
5044
6257
7417
5342
6744
5470
8854
4948
6998
6456
2248
1691
6161
3206
8132
7596
4434
5592
9955
9742
370
6431
9168
7385
4905
5163
2719
1482
219
6673
8911
6759
1412
2849
4667
2994
844
3170
6331
2458
6222
8891
8228
640
4273
4854
5177
4218
3839
4652
3128
891
8457
8721
1110
4555
6964
592
8538
1356
1976
7717
4071
8586
2941
7224
2963
795
8293
1709
5024
7187
7735
6883
2121
1481
746
4994
9899
8047
1632
4147
1541
8331
4697
1997
3273
1958
9872
7500
8555
8856
9481
7499
2840
1093
2456
4717
9859
6562
1384
334
2929
1190
6572
9280
500
7133
4428
3328
2070
6943
9079
4362
2211
3125
3001
4463
518
6544
7546
5732
4035
493
5649
1211
4978
9068
5218
3972
9528
6542
7880
9670
4611
9353
3155
4636
8018
9347
2955
8526
4847
9185
2370
2448
6152
3326
2224
2264
2145
4675
616
3257
4470
7380
5221
1319
2950
9501
7744
5105
8440
3210
5512
4920
7551
7631
2547
943
6864
2848
9760
1107
7817
4277
3011
408
5450
4262
4000
8472
955
9409
1328
9324
7104
2524
2564
5672
7606
816
9351
6408
2137
6493
1629
452
87
973
8835
9498
2736
430
8884
2627
6833
824
9124
1825
4822
4638
1841
349
4369
8744
8714
9168
8181
9723
7665
9512
8534
6830
4596
1166
5959
4376
602
2461
189
7295
3824
7854
5235
3260
4104
2458
5512
7041
9443
9580
3624
6539
6689
1565
7855
6634
4164
5385
7216
9283
7814
5443
9393
2849
5988
3423
6138
2668
933
401
682
5198
7727
400
7647
1707
109
7100
8710
5336
6298
8726
5678
1046
9503
3739
2809
5416
5084
2303
4943
5162
9560
9298
5510
1743
9355
2009
7289
9208
9630
6060
9350
4359
8776
9138
7710
5946
3781
2504
975
5142
8761
4268
8619
8330
7012
9022
384
3574
7773
3292
6124
6424
6170
9624
3083
2975
2650
4214
1563
9713
9111
6555
7656
1920
5004
6373
8225
5566
4828
3277
9419
2475
2172
8221
4671
2085
2404
9333
5285
2454
9216
5129
6057
1229
8420
7497
5730
610
8713
3116
61
176
9719
2204
9059
2185
7441
2926
3413
934
7863
9014
6663
6398
278
8027
3240
305
9536
2045
5139
2133
3428
2283
8366
9367
4781
1807
2798
2149
518
3435
7856
286
1178
8210
4839
3906
661
2837
4894
6083
2180
4250
4143
55
4899
8572
9826
1071
1476
9306
5470
8056
4136
9993
5985
1934
2588
7811
5050
4846
8924
256
9350
3900
7615
887
2494
3830
2352
8586
3240
1756
6778
7555
2676
82
8775
404
9062
1354
6047
8898
5043
8816
792
1847
3239
3079
4095
9742
8770
6221
6714
4722
4249
2771
8489
7622
7330
6922
4407
7998
7213
1856
4064
1933
3899
3040
9637
1645
1836
4962
4566
1436
7610
8648
4532
9681
4758
9717
8928
9514
6271
9550
2537
7172
4144
3168
4379
2635
1263
859
7505
8646
7164
5826
7738
6241
6863
860
5641
1883
6797
6746
7058
4832
3676
9822
2615
948
5324
2900
5924
7323
4883
3568
9738
3232
6233
8032
226
5083
9060
4905
3070
3342
4756
6639
3717
3955
361
4668
647
7974
895
4533
5272
5627
7028
6390
9242
6813
8483
2571
593
6678
9315
242
9741
1512
7243
6819
5234
3426
3787
5546
9315
9858
7596
9904
3300
7415
3617
9358
4521
7506
4043
1218
8106
2633
8231
7857
7140
6232
1833
85
1660
807
9187
4487
9877
5959
8828
3338
5289
9893
8276
4961
5750
6450
5265
2372
8410
9908
4729
9403
9428
2876
7782
5771
5546
1111
4475
3479
153
7673
8163
835
4406
8627
8576
2430
244
2947
6104
2771
6592
6850
4449
1621
6278
3912
2040
3188
4790
5332
4380
4107
8262
4955
2594
5227
6908
2887
9707
8441
2133
7509
5786
3503
3632
3274
6000
8487
5591
906
2266
2185
5401
822
9579
5666
5768
8262
4232
9876
2273
1866
8
2000
4928
924
8302
8287
4062
8146
2264
8315
1899
4913
8969
466
2216
703
8597
6003
1794
253
2267
6087
1979
8781
3246
1380
8422
2685
6923
2667
6412
2414
4428
9031
7429
1708
6568
4486
7736
43
237
2763
2207
4943
4333
8602
1608
5115
3224
5671
2489
5737
127
9223
7847
5209
1486
8884
7258
274
7300
6485
8595
2191
561
6409
3772
3852
3579
3758
2537
9482
236
9671
3725
9768
7803
4827
8366
8637
8351
5517
3066
6374
9167
9275
3434
9378
8320
531
182
6646
5190
8946
4772
7077
5344
3164
5088
6375
7668
2349
2799
5865
8164
1243
9756
2062
6680
7884
59
8437
2012
8112
708
7469
3345
4822
6753
9955
2133
6585
6356
9687
5843
7338
4991
6986
7726
9566
4754
9365
5935
8096
2267
6179
4619
9146
8243
5338
8196
7836
8700
6798
9453
8790
4970
282
5425
5138
5418
6199
8010
9353
260
5149
5151
6292
828
3799
2964
6242
2991
7272
219
1325
1238
9904
5903
6871
9606
2222
7150
2929
2580
5826
8707
9988
4502
3848
2259
1519
6036
9970
7220
2065
6376
246
8954
6318
8798
2643
5243
1443
7838
1951
7883
1225
7406
5072
8169
1311
5502
1111
5069
6381
9024
71
50
1329
7609
9201
3821
5964
5667
7082
4070
3930
3115
581
8302
2782
6603
103
7538
9958
3822
471
1165
7898
6798
7007
1759
5037
9097
9322
9174
8414
5879
6122
8785
6381
5053
2944
7717
7193
7893
1521
9065
7826
6352
8816
7795
3114
2961
8463
7524
8986
6525
4567
8599
1879
9496
2025
8914
9397
4249
761
3403
8452
1050
9656
2467
8033
9395
8880
3160
65
1096
5968
4107
5742
5868
8048
3556
3009
7226
835
689
4928
3147
9115
4369
6045
1002
1119
6569
8054
3744
6857
6143
9396
1843
985
4757
1582
5508
4117
7346
849
7380
8572
2021
5247
9043
4624
1145
6171
807
8494
3017
5315
8984
6918
3306
328
7867
1657
1247
5002
8253
2729
8709
5711
8870
2815
3327
8354
7349
6485
8111
5687
1486
8066
435
9332
9219
808
6028
8313
9511
1512
2971
8120
9086
8130
7213
8112
3421
8230
7080
8131
274
7222
7018
6972
3992
549
6436
666
2932
6674
3271
9680
1735
8633
7685
2991
9037
9222
4496
2724
9099
4400
3971
9990
5847
2948
630
7618
9481
1640
2364
6229
4795
9850
9957
9382
4005
4261
2488
2159
1957
7918
6104
4642
2067
7553
9849
5028
2524
1340
3021
2023
1319
9593
9549
121
9185
2559
2731
1520
2481
1199
1340
5701
2929
3399
6750
4852
9693
2895
4686
1087
3005
9948
8550
1727
3889
6344
3763
7365
8284
449
6931
6491
4725
941
1556
159
9745
8234
7188
6659
1818
1178
9097
4314
668
7309
4608
6529
7647
6514
3221
5155
6409
8334
6283
8255
7093
3893
4750
7164
6791
2532
9734
8265
9357
1742
1455
8950
3052
5132
2238
4742
7937
4548
186
1071
6108
2658
1550
5912
3110
5826
7773
1840
1547
4706
9409
8429
4107
9786
7247
2871
8335
2199
5257
3506
6646
1739
5413
9153
765
8468
7223
2595
3735
6305
3869
4508
7416
1424
2110
9001
4847
6256
1723
9240
5339
3440
7223
6365
4774
4116
6205
6913
2779
3502
2147
6645
1365
3915
5732
6766
6878
4652
9887
2318
1922
138
7734
6577
6190
8211
4600
5117
514
7155
7105
4611
437
6738
7330
7828
4367
1902
1030
9694
1571
6227
6795
6017
6205
5112
1940
1330
1949
1754
6195
7155
2676
3460
9763
8411
5500
5431
8429
6551
1659
7525
1708
7411
9585
9401
1103
1543
6488
9938
5438
3668
5726
6035
584
1695
4865
3972
1431
1361
4519
9096
8372
5245
2387
6321
6704
4094
7457
413
5764
2477
1740
6885
5883
447
338
2690
107
9471
8551
6763
6379
3357
3949
5778
8351
2572
9461
1271
3312
7646
8389
555
5891
6117
8312
1791
3279
9107
8349
1615
3909
6580
3874
3806
7657
4549
1366
181
3201
1542
3433
4751
3029
7965
1041
4558
286
1639
4780
7065
1470
6543
2156
532
4799
3085
9841
1821
4600
671
3761
583
8736
5745
6936
2741
1144
9576
3521
6261
1054
8028
766
64
810
7210
1941
1164
9051
3580
8554
195
7632
8023
3418
8866
8645
2536
1827
8465
190
4042
8945
3914
6570
1119
9610
8944
4251
7859
8529
5265
9665
2134
9717
7595
4400
6620
3636
2472
7884
635
9312
7106
2677
7029
9476
8629
2560
2334
4795
5134
3355
8839
6945
5680
4584
9777
3464
7461
7143
2504
538
1679
3686
9686
6880
5190
1759
9767
2679
7089
9813
9531
475
5357
4713
5333
5119
7431
9208
145
4965
2263
5366
4416
1084
3895
6699
1761
9352
5204
7324
6738
2644
4146
2432
5053
4570
1714
6831
6429
4785
5614
5082
8739
2732
6545
5959
9269
8360
5781
9165
5958
437
3659
6898
1678
9028
3203
7998
3306
1096
530
3091
9807
7074
8628
5108
1729
1750
4193
7182
7209
9643
6498
3330
9403
2212
8647
474
579
3253
1552
6956
1462
5713
5050
9908
6979
1280
5312
3317
1660
4257
8231
2012
4649
6869
5132
2150
4560
6550
4944
1336
7367
4544
4314
6636
3293
3090
2385
4295
6717
1035
4614
3908
1336
10
6792
8370
4778
6384
9621
571
4842
2540
5600
5302
2932
9283
8316
636
467
6031
3662
1076
306
9525
8376
7379
9824
9329
4904
4672
5071
1097
5894
3314
8178
8851
3195
6364
4438
2944
1274
1808
515
7688
8426
4207
7982
6116
8131
4958
1086
1870
6824
3218
9071
2466
3034
1577
5513
7715
2620
4703
8282
233
7366
2714
4800
2334
1002
3769
4367
5856
2464
9403
5804
4260
4199
7990
7432
3883
4837
2778
589
6193
8757
2865
958
3319
3699
9733
718
9755
5281
1028
8210
7741
5324
5584
2815
3132
148
3818
4177
5641
6546
334
2391
6376
562
7285
4245
4295
6563
8902
8185
1004
8559
6527
8082
8706
1518
1919
2588
1462
2801
5350
5519
1448
1385
2620
7760
530
4872
539
105
4172
9991
2085
9712
1853
6500
4734
1392
5127
3986
7128
8755
1687
5353
417
1581
4264
2865
5721
912
1345
1283
8334
5363
5344
1477
8359
4374
8017
7376
7236
3441
5521
2149
4176
3150
8182
9231
4824
5148
7160
3633
6207
9672
6740
7489
6513
6541
600
9681
1271
9040
2681
7006
1012
5328
5065
971
4799
920
6408
1110
4963
2862
8708
1408
7210
7530
5613
6158
9973
93
4234
1239
4066
8105
7565
4876
7944
5489
6880
8869
9463
4794
8928
8381
4415
5981
2983
8293
73
7184
1280
9138
4735
4905
7486
5600
1124
7088
9084
7202
5336
3143
7133
1247
1397
2281
4885
4836
4986
4717
105
9411
2823
3339
6273
3688
9534
3142
4242
7860
8798
9117
1412
4927
3337
5818
3131
9472
8475
6645
7275
8565
985
349
4636
4700
7364
5747
8092
4108
126
3278
2537
1706
8588
1458
8890
7398
9185
642
8596
8326
5778
6665
8128
1890
3360
9178
281
7951
2118
8361
1020
5301
2013
1849
2034
7741
510
9083
8970
7897
2230
5892
637
521
6268
667
4178
5781
649
8492
7319
4000
6150
712
2695
8885
544
915
9955
5924
6009
4723
8709
8669
6808
3505
4835
5337
4458
7855
1427
6409
8137
5985
2755
7253
6861
4032
6757
2196
2893
8967
8881
519
9390
3423
3983
3886
81
5753
3274
2887
6699
5609
1997
6917
1939
1035
2470
3694
3098
1737
4158
2458
7084
9362
2918
5763
4705
9118
6769
3985
9432
8008
8297
9491
7828
339
7952
4296
3572
3579
9652
1786
8536
6055
2511
3215
470
2528
7954
8944
9017
5056
2591
8118
2917
1334
1400
2527
7594
2751
4350
547
7117
6318
9035
4057
7509
1522
2826
6021
1944
694
3184
8704
4007
5124
1562
4310
622
2767
8513
2006
8004
5842
8108
6311
3414
5686
141
9741
6966
9611
2336
1776
3916
1966
2460
3298
8835
2287
3695
5907
628
6257
852
2352
7380
4945
7356
2510
4931
3107
4101
323
9517
9799
1686
5147
7803
7692
8172
9021
6556
3533
6958
1866
4808
1450
9503
6693
2459
4077
3009
8678
7358
3492
3516
4564
4314
4431
2538
9164
6340
1922
8075
3403
4269
2376
5570
7729
6696
6557
3326
9408
9799
7065
6990
9435
6713
2466
2698
2768
9843
5590
958
616
961
4075
630
1078
6478
3497
9019
7501
1645
8138
8838
5497
5332
43
9550
1110
3161
4129
3966
3865
7772
1919
5055
9013
1826
3373
5782
4584
5753
9539
9035
2882
9789
6180
3221
5581
7765
8989
6158
2055
2326
7608
9354
3445
8446
8278
6291
8349
7910
9098
314
6943
3442
6361
7888
6731
836
6428
2523
3046
3114
1736
6429
2453
9248
3526
3809
1090
3881
1489
4282
7566
5774
3447
6208
7183
3737
8452
4957
442
8915
5705
9386
7729
2799
3696
6416
8022
7617
7033
7052
8994
3852
5760
1609
89
2823
7913
4261
4319
5099
7509
4005
3100
3687
2893
5152
1655
8625
9266
1919
648
2469
5439
6032
1006
145
667
2047
6673
6840
5805
72
2971
4153
7301
884
5002
274
1844
3888
1646
4526
1032
6982
7885
8865
9431
9121
8162
7150
3142
2106
9566
5149
654
7100
4993
2591
7205
8951
6161
1391
5206
7650
967
5188
2127
7449
9177
5031
6714
2932
3641
9384
4941
310
7419
7033
4894
3309
832
181
2746
3187
8473
5523
8791
394
5598
8473
3078
2823
6781
209
4609
1391
843
7982
8720
8748
1143
1543
4864
9662
2959
8924
3332
6040
6905
6924
8460
3554
6955
66
9085
2167
2682
1774
6073
2580
3843
1060
4548
3916
7844
9631
6539
8784
367
8200
3004
2005
4040
8874
5315
7226
679
6053
1680
7516
6788
8993
7222
5200
3144
5797
2922
4101
3518
9849
3516
4241
4172
6429
3687
1285
1094
9179
4695
1586
7980
9484
7493
3025
7955
4239
341
6783
3291
1057
9536
2943
3359
2519
2118
7062
2382
3098
2213
4920
3155
1528
9554
3130
9339
9067
6997
9614
1987
1527
4587
2485
3788
324
2818
6719
4392
4428
3319
9047
470
2513
4038
9582
8369
6319
8843
4138
3572
5856
8656
6091
897
7703
4621
4450
4035
5174
9892
7508
3571
8440
1243
3440
7440
2973
9055
4405
7341
7390
1268
5049
9597
4469
1230
9040
2461
8448
1212
3507
7469
833
8643
3099
6227
7670
9079
4244
2397
2908
2378
1305
9191
6732
9290
7640
646
5245
4044
6611
714
3273
2006
241
3580
6991
8835
7550
5812
6390
9573
9177
6811
4967
4492
993
7818
5722
5390
5653
564
1964
5096
2357
1700
4788
3550
5643
5931
311
3510
3081
6649
4073
9923
9305
6772
3355
3155
8824
1195
724
1628
6324
6865
5135
4554
4392
1041
8148
4845
2013
2120
2576
2407
8688
3927
8052
7154
2494
1082
9802
2201
1947
2957
2878
181
1452
8793
6008
8714
128
615
7641
6654
1688
181
7854
9458
4554
6184
7067
8369
4222
4830
2297
3613
3417
2381
9406
311
2426
1306
9201
4114
5894
2374
1256
9490
566
1592
8254
454
863
6529
7780
8822
378
7616
5439
5054
2863
4592
5037
4709
9936
1782
7410
5270
8065
6328
1003
1748
1392
9721
7109
4290
2264
9398
740
3934
9474
7531
6012
7121
9450
2621
8028
8639
3491
3308
6018
4784
3185
386
1117
3457
419
1633
781
3869
194
5758
1069
1817
1107
7524
1127
1117
4251
1274
4384
1846
8634
7003
4171
1712
3835
7398
6737
4810
6144
4569
1841
8652
8181
6496
533
6195
4857
3805
1727
5068
7566
8357
5346
6980
5435
9205
3768
7126
3632
6056
9507
5150
3572
4640
1741
237
2435
3995
5404
4905
3681
2703
1712
5499
8884
6434
8053
9390
8324
2613
5046
4625
2613
2379
939
9905
5064
8065
1239
830
2409
9375
8692
1841
4297
7552
9939
3083
5513
6461
666
7290
3970
2834
9422
5486
6330
2577
4012
1249
9389
9701
9319
423
1768
7919
5102
9477
2853
3322
1123
1132
9478
2046
160
6152
8271
5070
7353
9580
2738
9417
2967
2294
3146
4693
4424
1898
5562
346
2103
4427
8013
7916
7019
2942
7768
5321
9862
6299
760
3203
4380
6547
1653
6540
4589
5472
5634
3482
6540
8184
3232
4074
4336
6103
2475
3843
553
4072
7859
7520
5150
3533
8203
706
6284
9050
1016
4534
1571
8992
1786
614
2891
8169
580
8091
8986
5849
5931
5763
2934
2054
2362
8619
552
3893
9972
8291
3977
6881
7258
6305
514
6216
4071
1071
8905
542
8502
3653
3636
1253
6284
7560
5262
1764
6869
9841
5495
1313
704
9340
6163
9908
3553
4787
7840
4184
530
6405
8801
8904
6430
8457
6400
2522
469
2761
2027
6089
6243
6008
5532
9683
4914
9670
8867
1321
4060
7003
7051
799
3398
9636
6776
7584
4229
1799
5290
9726
5254
4731
6673
3245
624
6186
5057
5636
1042
826
5086
6960
6544
3076
1479
4719
5434
8260
5186
9066
2714
5322
6921
2508
3672
4398
1367
4707
2145
8390
7
4608
9814
9206
5220
9907
8408
4486
1267
46
3431
9937
2046
1937
9239
9151
468
642
6968
389
5068
7639
4452
3480
5679
2470
1002
693
2975
4476
6387
9812
7221
5231
9374
820
5814
1689
5544
1576
5958
3412
2912
4288
2337
6726
4265
2849
6236
7706
8698
9400
1788
236
7795
3577
5178
431
5601
9784
3762
4713
2450
7727
8205
1684
8880
2575
2421
8114
7217
845
9982
8636
9078
9624
5319
7334
7841
7906
4776
7315
8061
3839
2132
3256
8447
6098
9399
4355
2733
5680
5467
6930
7315
172
1496
5155
9806
6274
9944
7382
9884
3016
4793
7040
6958
7551
5525
6319
3724
6828
1269
9009
8018
6638
8047
9939
8866
2568
4741
1816
9007
8989
1515
4309
2386
2043
9861
1240
7406
1198
2946
9344
563
2203
2331
6783
5782
3442
5697
816
6391
3260
7506
6571
7158
8389
2774
9290
2097
9156
287
1219
9441
998
7374
3780
7898
5213
4600
3308
4244
5372
3519
7960
7804
3309
7366
9035
702
7297
3616
7879
6838
2434
3323
6910
6483
2845
6181
9145
9409
7135
9980
5896
874
8231
5350
2645
3420
2338
1657
7540
4355
1193
535
3848
9972
8671
9912
2428
6269
5428
1709
6734
9629
9170
2605
8693
5538
1985
5345
425
5828
868
5710
1452
1113
7566
1435
4201
8253
5507
5814
8509
1272
2963
5277
8656
258
1030
3702
9662
9162
4639
861
9542
6078
2868
7567
6737
6834
1641
7484
3769
2399
1117
6573
2743
9605
8897
7907
2787
7495
8183
3954
6144
6059
1122
9269
2431
8371
9986
9739
539
6889
843
3691
3668
1840
6326
5130
4301
4469
8971
29
3344
4141
9998
7039
5131
1165
4988
958
9992
5301
6256
5245
4741
2747
1307
3999
4004
930
1744
5102
5429
4614
9270
7979
7573
3765
1887
9931
5834
1125
9454
8705
1406
9813
7352
3895
3573
9856
6963
1314
560
7367
7990
410
9850
6233
280
3240
4127
1473
8399
5035
8457
1800
4935
5583
2607
8631
2491
6576
6462
6043
5036
4649
1749
6052
6370
4202
8481
9346
4201
5345
8756
1588
5171
8878
8635
9775
3506
1875
6746
9786
2468
4266
4148
8278
3897
2210
2716
9111
3302
8397
3109
2101
6410
8598
5513
6771
4357
868
1708
3335
4244
8846
7798
4672
1140
188
5833
6170
381
9862
8445
1662
1120
8794
8775
1674
913
533
6680
3468
3011
1963
597
2696
3508
6804
1816
7103
5151
5345
7406
3118
7680
3660
7827
6024
4952
7992
2362