7207
7862
8615
352
6963
7800
7937
790
7612
2854
1742
5228
7084
1666
8158
8609
7545
3336
2325
5474
7826
8633
2052
1849
7990
9927
6999
2621
4148
7967
1377
3557
5637
2512
2639
3327
5651
5778
5259
2679
590
8104
5086
3076
2582
1166
1098
7618
3491
410
1481
5944
9301
4185
5183
8991
8961
1262
9741
3479
8293
4603
4440
1003
8821
1459
2135
2482
295
8717
2352
3927
9224
9437
3616
2610
8624
5921
5476
8649
9594
1004
5321
2573
233
2029
7445
338
5538
9714
2761
1278
1107
7983
9438
8746
7464
4079
63
6878
1870
2116
7622
2167
6050
204
5298
7139
3751
3356
1381
7974
1459
3321
370
4030
9966
777
8485
9284
633
428
5611
8159
6032
456
8894
9205
9618
1490
721
7868
37
6079
3952
9077
1627
6762
315
7971
598
8781
714
5246
7242
7655
5120
103
5484
9901
7958
1676
7983
9673
2162
6748
5306
6747
1156
1157
3208
4175
830
7288
5422
1223
8267
7428
8458
7962
1052
697
6885
7270
3652
1558
5548
5962
8032
844
6077
8142
5063
2763
3752
5439
2422
9507
6512
6339
9997
9948
9
5337
3723
5703
2326
912
9426
7764
3541
3973
926
3468
6464
6450
8588
5636
1377
9205
3637
4113
181
4419
1087
8083
407
4037
9123
1809
8774
9768
6129
5474
5257
3107
6635
90
418
4894
1015
132
9174
5992
8862
1569
9650
7774
9844
1579
5857
6229
3114
5368
6215
7047
2111
4163
296
1822
6280
7554
5852
5498
344
7775
4597
9760
7803
9110
344
1691
1370
9871
3189
3521
5574
9339
3995
5208
9851
5028
328
4548
9940
6403
8047
9664
8859
6771
2697
3435
6125
865
5014
1679
1107
4040
7674
9962
8481
2209
5003
8214
5940
3873
1670
923
5147
4784
1067
5185
7047
703
8465
4627
9102
9049
5711
5044
3686
67
7897
282
421
9779
234
3160
8490
3410
6767
8570
4861
9590
3018
2082
4869
5722
9243
2460
319
1173
1070
4476
9283
7543
9923
8444
9521
1764
751
7994
9451
2760
9952
8575
4662
2567
3867
4514
2536
2
4816
5216
884
2717
3410
3985
1056
57
8564
4111
8165
3429
762
8331
508
1241
9309
5998
738
2148
2247
2104
1974
8551
4179
3696
5418
102
24
6895
5003
5260
7350
1600
3081
7444
7866
8804
9418
8130
514
9154
63
2390
9098
3503
1299
2906
6104
8816
8883
4996
2280
5884
8932
4621
5953
3040
7115
5833
2273
639
2080
2560
9458
2700
3313
3107
9240
1547
3196
5177
365
1299
4855
8621
1159
9784
739
8314
1526
5329
4439
3528
3504
4012
8799
3030
4870
3444
2705
7597
4630
8165
4880
1397
2931
6154
3541
8459
129
1317
4311
5936
2454
1225
3823
6148
4331
498
5004
4480
2790
3469
8951
7062
5970
2194
7039
8755
7373
7848
5987
6642
5405
2056
1283
1393
9934
630
4827
9248
5506
5890
7965
6559
1563
8664
3703
5859
695
6190
7122
5621
1708
2784
3412
7659
5372
1171
5713
6003
7619
9075
8371
6519
4101
2109
9133
6094
7609
6663
6454
124
7774
8073
264
3268
2272
6669
8747
9599
6953
1483
9791
6462
3830
1068
8687
7371
2922
7282
8395
860
6727
7850
9183
8624
3174
2375
1048
123
5686
4673
1407
334
1949
5572
3323
8011
7069
407
9540
1778
2643
2969
7201
1184
5502
816
3310
8590
901
5996
2261
3788
2153
768
1999
1669
1231
1547
8717
8045
8256
2888
4417
3681
892
6549
9675
8393
3938
4973
4424
3924
5177
6354
1850
9968
5676
2647
3234
8053
2039
5638
3724
3065
2647
6703
280
68
2567
21
6294
4147
1693
1861
5850
4510
7154
9532
3011
8031
5571
142
1959
8266
160
613
6869
9762
8341
7646
1682
1243
8
773
6453
4860
8852
2354
8668
8157
6551
2228
7705
785
8177
8710
6872
2768
1002
224
9457
3665
446
4006
3051
9051
2052
9903
2161
2719
9459
788
5350
2090
2821
9226
3303
590
3922
950
9972
9430
813
8226
8372
4496
8442
2517
9783
5837
7183
3539
8118
8982
6316
3335
5180
8718
5792
2401
650
7304
7808
7525
603
6743
7024
4321
5411
8882
9343
5753
7947
6234
7553
2697
500
8097
9608
2709
4701
5708
4224
2330
1370
8929
9074
3144
5636
2838
4409
1218
5355
8739
9170
1252
5150
2409
6212
3752
2547
5020
9187
4894
4774
3635
3651
8140
9479
7706
2731
5204
4033
2991
49
9341
4689
9953
5870
201
5067
1595
6342
3046
5134
4535
6870
2935
1584
2025
5268
423
8649
2629
1059
4441
9787
2191
9694
1696
958
3206
6794
8698
7361
2523
1138
1348
1958
7025
7365
5494
2004
3911
3877
1198
3402
9995
7551
9423
8140
2421
9314
1402
4068
3349
8625
4610
5567
1455
2127
412
1397
8169
3332
9290
3669
380
1709
2413
5887
4279
9464
3390
7844
1960
875
4932
5872
5457
4522
513
3985
8877
7625
1404
2210
4609
3878
9129
9575
7000
1813
4090
84
46
27
7415
990
2221
3280
4409
1445
3957
7354
9627
9552
9565
4703
2428
2019
7153
5178
8687
4543
9839
6797
8090
8379
2067
7735
7398
6627
8721
3447
8460
2473
6619
2699
5461
6446
2301
903
4958
7463
4619
7785
9683
7510
6147
5882
3639
1249
2134
6656
5389
997
8867
631
2388
1068
8686
8566
6938
8092
409
1
166
4310
1881
2525
4083
7628
6233
4059
9850
4601
2812
1827
1130
969
1762
9261
6059
274
9408
332
5066
9853
4912
4150
8577
586
5571
687
1237
3744
9020
4552
8850
44
3049
5382
9670
4257
8902
5006
1582
4111
5868
5801
63
6541
4915
9803
4989
6214
6144
671
2202
835
5073
6005
6209
7071
2504
2812
926
514
9966
2952
4050
7907
5079
3377
9161
401
7328
5929
3034
3569
8860
113
1524
4411
7883
7976
6068
4053
1815
6165
2020
7460
8238
3330
4411
536
4804
473
4642
6627
5668
3289
2263
2790
4030
2916
3534
4813
3308
9157
767
2405
1247